6 4 6 1 2 4 16384
6 4 6 1 2 4 16392
6 4 6 1 2 4 16400
6 4 6 1 2 4 16408
6 4 6 1 2 4 16512
6 4 6 1 2 4 16520
6 4 6 1 2 4 16528
6 4 6 1 2 4 16536
6 4 6 1 2 4 16640
6 4 6 1 2 4 16648
6 4 6 1 2 4 16656
6 4 6 1 2 4 16664
6 4 6 1 2 4 16768
6 4 6 1 2 4 16776
6 4 6 1 2 4 16784
6 4 6 1 2 4 16792
6 4 6 1 2 4 17408
6 4 6 1 2 4 17416
6 4 6 1 2 4 17424
6 4 6 1 2 4 17432
6 4 6 1 2 4 17536
6 4 6 1 2 4 17544
6 4 6 1 2 4 17552
6 4 6 1 2 4 17560
6 4 6 1 2 4 17696
6 4 6 1 2 4 17704
6 4 6 1 2 4 17712
6 4 6 1 2 4 17720
6 4 6 1 2 4 17824
6 4 6 1 2 4 17832
6 4 6 1 2 4 17840
6 4 6 1 2 4 17848
6 4 6 1 2 4 18432
6 4 6 1 2 4 18440
6 4 6 1 2 4 18448
6 4 6 1 2 4 18456
6 4 6 1 2 4 18592
6 4 6 1 2 4 18600
6 4 6 1 2 4 18608
6 4 6 1 2 4 18616
6 4 6 1 2 4 18688
6 4 6 1 2 4 18696
6 4 6 1 2 4 18704
6 4 6 1 2 4 18712
6 4 6 1 2 4 18848
6 4 6 1 2 4 18856
6 4 6 1 2 4 18864
6 4 6 1 2 4 18872
6 4 6 1 2 4 19456
6 4 6 1 2 4 19464
6 4 6 1 2 4 19472
6 4 6 1 2 4 19480
6 4 6 1 2 4 19616
6 4 6 1 2 4 19624
6 4 6 1 2 4 19632
6 4 6 1 2 4 19640
6 4 6 1 2 4 19744
6 4 6 1 2 4 19752
6 4 6 1 2 4 19760
6 4 6 1 2 4 19768
6 4 6 1 2 4 19840
6 4 6 1 2 4 19848
6 4 6 1 2 4 19856
6 4 6 1 2 4 19864
6 4 6 1 2 4 20480
6 4 6 1 2 4 20488
6 4 6 1 2 4 20496
6 4 6 1 2 4 20504
6 4 6 1 2 4 20608
6 4 6 1 2 4 20616
6 4 6 1 2 4 20624
6 4 6 1 2 4 20632
6 4 6 1 2 4 20800
6 4 6 1 2 4 20808
6 4 6 1 2 4 20816
6 4 6 1 2 4 20824
6 4 6 1 2 4 20928
6 4 6 1 2 4 20936
6 4 6 1 2 4 20944
6 4 6 1 2 4 20952
6 4 6 1 2 4 21504
6 4 6 1 2 4 21512
6 4 6 1 2 4 21520
6 4 6 1 2 4 21528
6 4 6 1 2 4 21632
6 4 6 1 2 4 21640
6 4 6 1 2 4 21648
6 4 6 1 2 4 21656
6 4 6 1 2 4 21856
6 4 6 1 2 4 21864
6 4 6 1 2 4 21872
6 4 6 1 2 4 21880
6 4 6 1 2 4 21984
6 4 6 1 2 4 21992
6 4 6 1 2 4 22000
6 4 6 1 2 4 22008
6 4 6 1 2 4 23040
6 4 6 1 2 4 23048
6 4 6 1 2 4 23056
6 4 6 1 2 4 23064
6 4 6 1 2 4 23200
6 4 6 1 2 4 23208
6 4 6 1 2 4 23216
6 4 6 1 2 4 23224
6 4 6 1 2 4 23360
6 4 6 1 2 4 23368
6 4 6 1 2 4 23376
6 4 6 1 2 4 23384
6 4 6 1 2 4 23520
6 4 6 1 2 4 23528
6 4 6 1 2 4 23536
6 4 6 1 2 4 23544
6 4 6 1 2 4 24064
6 4 6 1 2 4 24072
6 4 6 1 2 4 24080
6 4 6 1 2 4 24088
6 4 6 1 2 4 24224
6 4 6 1 2 4 24232
6 4 6 1 2 4 24240
6 4 6 1 2 4 24248
6 4 6 1 2 4 24416
6 4 6 1 2 4 24424
6 4 6 1 2 4 24432
6 4 6 1 2 4 24440
6 4 6 1 2 4 24512
6 4 6 1 2 4 24520
6 4 6 1 2 4 24528
6 4 6 1 2 4 24536
6 4 6 1 2 4 24576
6 4 6 1 2 4 24584
6 4 6 1 2 4 24592
6 4 6 1 2 4 24600
6 4 6 1 2 4 24768
6 4 6 1 2 4 24776
6 4 6 1 2 4 24784
6 4 6 1 2 4 24792
6 4 6 1 2 4 24832
6 4 6 1 2 4 24840
6 4 6 1 2 4 24848
6 4 6 1 2 4 24856
6 4 6 1 2 4 25024
6 4 6 1 2 4 25032
6 4 6 1 2 4 25040
6 4 6 1 2 4 25048
6 4 6 1 2 4 26112
6 4 6 1 2 4 26120
6 4 6 1 2 4 26128
6 4 6 1 2 4 26136
6 4 6 1 2 4 26304
6 4 6 1 2 4 26312
6 4 6 1 2 4 26320
6 4 6 1 2 4 26328
6 4 6 1 2 4 26400
6 4 6 1 2 4 26408
6 4 6 1 2 4 26416
6 4 6 1 2 4 26424
6 4 6 1 2 4 26592
6 4 6 1 2 4 26600
6 4 6 1 2 4 26608
6 4 6 1 2 4 26616
6 4 6 1 2 4 26624
6 4 6 1 2 4 26632
6 4 6 1 2 4 26640
6 4 6 1 2 4 26648
6 4 6 1 2 4 26848
6 4 6 1 2 4 26856
6 4 6 1 2 4 26864
6 4 6 1 2 4 26872
6 4 6 1 2 4 26880
6 4 6 1 2 4 26888
6 4 6 1 2 4 26896
6 4 6 1 2 4 26904
6 4 6 1 2 4 27104
6 4 6 1 2 4 27112
6 4 6 1 2 4 27120
6 4 6 1 2 4 27128
6 4 6 1 2 4 28160
6 4 6 1 2 4 28168
6 4 6 1 2 4 28176
6 4 6 1 2 4 28184
6 4 6 1 2 4 28384
6 4 6 1 2 4 28392
6 4 6 1 2 4 28400
6 4 6 1 2 4 28408
6 4 6 1 2 4 28448
6 4 6 1 2 4 28456
6 4 6 1 2 4 28464
6 4 6 1 2 4 28472
6 4 6 1 2 4 28608
6 4 6 1 2 4 28616
6 4 6 1 2 4 28624
6 4 6 1 2 4 28632
6 4 6 1 2 4 28672
6 4 6 1 2 4 28680
6 4 6 1 2 4 28688
6 4 6 1 2 4 28696
6 4 6 1 2 4 28864
6 4 6 1 2 4 28872
6 4 6 1 2 4 28880
6 4 6 1 2 4 28888
6 4 6 1 2 4 28992
6 4 6 1 2 4 29000
6 4 6 1 2 4 29008
6 4 6 1 2 4 29016
6 4 6 1 2 4 29056
6 4 6 1 2 4 29064
6 4 6 1 2 4 29072
6 4 6 1 2 4 29080
6 4 6 1 2 4 30208
6 4 6 1 2 4 30216
6 4 6 1 2 4 30224
6 4 6 1 2 4 30232
6 4 6 1 2 4 30400
6 4 6 1 2 4 30408
6 4 6 1 2 4 30416
6 4 6 1 2 4 30424
6 4 6 1 2 4 30560
6 4 6 1 2 4 30568
6 4 6 1 2 4 30576
6 4 6 1 2 4 30584
6 4 6 1 2 4 30624
6 4 6 1 2 4 30632
6 4 6 1 2 4 30640
6 4 6 1 2 4 30648
6 4 6 1 2 4 31232
6 4 6 1 2 4 31240
6 4 6 1 2 4 31248
6 4 6 1 2 4 31256
6 4 6 1 2 4 31456
6 4 6 1 2 4 31464
6 4 6 1 2 4 31472
6 4 6 1 2 4 31480
6 4 6 1 2 4 31552
6 4 6 1 2 4 31560
6 4 6 1 2 4 31568
6 4 6 1 2 4 31576
6 4 6 1 2 4 31648
6 4 6 1 2 4 31656
6 4 6 1 2 4 31664
6 4 6 1 2 4 31672
6 4 6 1 2 4 31744
6 4 6 1 2 4 31752
6 4 6 1 2 4 31760
6 4 6 1 2 4 31768
6 4 6 1 2 4 31968
6 4 6 1 2 4 31976
6 4 6 1 2 4 31984
6 4 6 1 2 4 31992
6 4 6 1 2 4 32096
6 4 6 1 2 4 32104
6 4 6 1 2 4 32112
6 4 6 1 2 4 32120
6 4 6 1 2 4 32128
6 4 6 1 2 4 32136
6 4 6 1 2 4 32144
6 4 6 1 2 4 32152
6 4 6 1 2 16 4768
6 4 6 1 2 20 4768
6 4 6 1 2 24 4768
6 4 6 1 2 28 4768
6 4 6 1 2 676 4784
6 4 6 1 2 680 4784
6 4 6 1 2 684 4784
6 4 6 1 2 740 4784
6 4 6 1 2 744 4784
6 4 6 1 2 748 4784
6 4 6 1 2 1124 4784
6 4 6 1 2 1128 4784
6 4 6 1 2 1132 4784
6 4 6 1 2 1220 4784
6 4 6 1 2 1224 4784
6 4 6 1 2 1228 4784
6 4 6 1 2 1304 672
6 4 6 1 2 1372 672
6 4 6 1 2 1424 672
6 4 6 1 2 1492 672
6 4 6 1 2 1604 4784
6 4 6 1 2 1608 4784
6 4 6 1 2 1612 4784
6 4 6 1 2 1700 4784
6 4 6 1 2 1704 4784
6 4 6 1 2 1708 4784
6 4 6 1 2 1808 672
6 4 6 1 2 1876 672
6 4 6 1 2 1944 672
6 4 6 1 2 2012 672
6 4 6 1 2 2132 672
6 4 6 1 2 2256 672
6 4 6 1 2 2388 672
6 4 6 1 2 2448 672
6 4 6 1 2 2640 672
6 4 6 1 2 2772 672
6 4 6 1 2 2832 672
6 4 6 1 2 3028 672
6 4 6 1 2 3164 672
6 4 6 1 2 3288 672
6 4 6 1 2 3352 672
6 4 6 1 2 3548 672
6 4 6 1 2 3672 672
6 4 6 1 2 3804 672
6 4 6 1 2 3932 672
6 4 6 1 2 3992 672
6 4 6 1 2 4112 672
6 4 6 1 2 4116 672
6 4 6 1 2 4120 672
6 4 6 1 2 4124 672
6 4 6 1 2 4176 672
6 4 6 1 2 4176 736
6 4 6 1 2 4180 672
6 4 6 1 2 4184 672
6 4 6 1 2 4188 672
6 4 6 1 2 4768 8448
6 4 6 1 2 4768 8512
6 4 6 1 2 4768 12736
6 4 6 1 2 4768 18432
6 4 6 1 2 4768 19456
6 4 6 1 2 4768 26880
6 4 6 1 2 4768 28608
6 4 6 1 2 4768 31552
6 4 6 1 2 4772 4784
6 4 6 1 2 4776 4784
6 4 6 1 2 4780 4784
6 4 6 1 2 4784 1216
6 4 6 1 2 4784 1600
6 4 6 1 2 5136 672
6 4 6 1 2 5136 1696
6 4 6 1 2 5140 672
6 4 6 1 2 5144 672
6 4 6 1 2 5148 672
6 4 6 1 2 5840 672
6 4 6 1 2 5840 1120
6 4 6 1 2 5844 672
6 4 6 1 2 5848 672
6 4 6 1 2 5852 672
6 4 6 1 2 8452 4768
6 4 6 1 2 8516 4768
6 4 6 1 2 8992 12672
6 4 6 1 2 12676 4768
6 4 6 1 2 12740 4768
6 4 6 1 2 18440 4768
6 4 6 1 2 18592 23040
6 4 6 1 2 19464 4768
6 4 6 1 2 19616 24064
6 4 6 1 2 23048 4768
6 4 6 1 2 24072 4768
6 4 6 1 2 26892 4768
6 4 6 1 2 28448 32128
6 4 6 1 2 28620 4768
6 4 6 1 2 31564 4768
6 4 6 1 2 32140 4768
6 4 6 1 514 16 1056
6 4 6 1 514 528 1568
6 4 6 1 522 1824 64
6 4 6 1 522 1824 1856
6 4 6 1 1794 1288 1824
6 4 6 6857 146 18380 23840
