7 2 17 1 2
1 2 4 8 16 32 72
1 2 4 8 16 32 80
1 2 4 8 16 32 96
1 2 6 8 16 32 64
1 2 12 8 16 32 72
1 2 20 8 16 32 80
1 2 36 8 16 32 96
1 2 68 8 16 32 64
3 2 6 8 16 32 64
5 2 4 8 16 32 64
1 2 4 8 16 40 64
1 2 4 8 16 48 64
1 2 4 8 16 64 32
1 2 4 8 24 32 64
1 2 4 8 32 16 64
1 2 4 16 8 32 64
1 4 2 8 16 32 64
7 2 15 1 2050
1 18 20 8 16 32 64
1 34 36 8 16 32 64
1 66 68 8 16 32 64
1 2 4 24 16 32 64
1 2 4 40 16 32 64
1 2 4 72 16 32 64
1 2 4 8 16 32 80
1 2 4 8 16 32 96
1 2 4 8 16 48 64
1 2 4 8 16 64 32
1 2 4 8 32 16 64
1 4 2 9 16 32 64
1 11 12 8 16 32 64
1 2 12 8 16 32 64
3 9 12 8 16 32 64
7 2 11 1 2058
1 34 4 40 48 32 64
1 66 4 72 80 32 64
1 2 4 8 48 32 64
1 2 4 8 80 32 64
1 2 4 28 16 32 64
1 2 4 8 16 32 96
1 2 4 8 16 64 32
1 18 4 28 16 32 64
3 2 4 8 16 32 64
5 2 4 12 16 32 64
5 2 8 12 16 32 64
7 2 9 1 40962
1 2 4 8 16 96 64
1 66 68 8 80 96 64
1 2 4 8 24 32 64
1 2 4 8 80 32 64
1 2 4 16 8 32 64
1 35 36 8 16 32 64
1 2 12 8 48 32 64
3 33 36 8 16 32 64
5 35 32 8 16 36 64
7 2 11 1 40994
1 2 4 8 16 100 64
13 2 4 8 28 44 64
69 2 4 8 84 44 64
3 2 4 8 16 32 64
5 2 4 8 16 36 64
1 2 4 8 24 32 64
5 2 4 8 84 104 64
1 66 4 8 16 100 64
17 2 4 12 16 48 64
1 2 4 16 8 32 64
61 2 8 4 44 28 64
7 2 10 69 274
1 66 4 72 16 96 64
1 2 4 8 16 96 64
1 2 4 8 80 96 64
1 2 68 72 80 32 64
1 55 20 44 16 48 64
1 18 4 8 16 32 64
1 38 4 8 16 32 64
1 2 12 8 52 40 64
1 58 24 32 36 8 64
2 41 24 36 32 16 64
7 2 8 69 262178
9 2 4 8 16 32 64
65 2 4 8 16 32 64
3 2 6 8 16 32 64
11 2 12 8 16 32 64
1 2 4 8 16 48 64
17 2 4 8 16 96 64
127 16 104 64 2 76 8
119 68 66 8 80 96 64
7 2 10 69 262210
1 66 4 72 16 96 64
1 2 68 72 80 32 64
1 2 4 72 16 96 64
1 2 4 8 16 48 64
1 9 5 3 16 32 64
1 2 14 8 16 32 64
1 2 4 8 32 16 64
1 7 4 12 16 32 64
2 9 5 3 16 32 64
19 27 43 11 10 6 64
