6 3 12 1 2 4
1 2 4 8 16 48
1 2 4 10 16 32
1 2 4 12 16 32
1 2 4 24 16 48
1 2 4 40 16 32
1 2 4 8 32 16
3 2 4 10 16 32
5 2 4 12 16 32
9 2 4 8 16 32
1 2 6 8 16 32
1 2 8 4 16 32
1 4 2 8 16 32
6 3 8 1 2 672
33 2 36 8 16 32
1 2 4 8 48 32
33 2 36 40 16 32
9 2 12 8 16 32
1 2 6 8 24 32
1 2 12 8 16 32
25 2 12 8 16 32
1 4 2 16 8 32
6 3 8 1 2 4768
33 2 36 8 48 32
1 2 4 40 48 32
1 2 4 40 16 32
11 2 14 8 16 32
11 2 12 8 24 32
1 2 12 8 24 32
21 2 4 8 16 32
1 4 2 16 8 32
6 3 7 1 2 4784
1 2 12 8 24 32
1 2 14 8 16 32
1 2 36 8 16 32
3 2 36 8 48 32
5 2 44 40 56 32
17 2 44 40 56 32
1 4 2 16 8 32
6 3 6 1 514 1072
19 2 4 8 16 32
33 2 4 8 16 32
1 34 4 8 16 32
17 2 4 24 16 32
30 40 9 18 32 16
62 40 11 18 32 16
6 3 6 1 514 17696
1 50 52 8 32 16
1 11 12 8 16 32
1 2 12 8 16 32
1 2 20 8 16 48
1 52 50 9 16 32
2 1 4 16 8 36
6 3 6 1 522 1824
1 34 4 8 16 32
33 2 4 8 16 32
1 2 12 8 16 32
25 2 20 8 16 32
1 50 36 8 16 32
53 2 4 24 16 32
6 3 3 6345 146 6380
1 3 20 44 16 48
1 4 6 19 40 28
2 1 21 50 19 26
6 3 4 6857 146 6892
11 2 12 8 48 32
17 34 4 8 16 32
23 42 12 8 48 32
1 25 47 13 48 16
