6249567 5 4 1 2 4 8
6249622 5 4 1 2 4 8
6249623 5 4 1 2 4 8
7535895 6 3 1 2 672
7535943 6 3 1 2 672
7536102 6 3 1 2 672
7536155 6 3 1 2 672
7536284 6 3 1 2 672
7536911 6 3 1 2 4768
7536940 6 3 1 2 4768
7536941 6 3 1 2 4768
7537438 6 3 1 2 4768
7537457 6 3 1 2 4768
7537458 6 3 1 2 4768
7538135 6 3 1 2 4784
7538394 6 3 1 2 4784
7538415 6 3 1 2 4784
7538416 6 3 1 2 4784
7538445 6 3 1 2 4784
7540510 6 3 1 2 4
7540544 6 3 1 2 4
7540545 6 3 1 2 4
7577399 6 3 1 514 1072
7579142 6 3 1 514 1072
7579170 6 3 1 514 1072
7579560 6 3 1 514 1072
7579947 6 3 1 514 1072
7579948 6 3 1 514 1072
7579952 6 3 1 514 1072
7579957 6 3 1 514 1072
7606661 6 3 1 514 17696
7606662 6 3 1 514 17696
7606711 6 3 1 514 17696
7607280 6 3 1 514 17696
7640345 6 3 1 522 1824
7640799 6 3 1 522 1824
7640967 6 3 1 522 1824
7644607 6 3 1 522 1824
7644708 6 3 1 522 1824
7645035 6 3 1 522 1824
7645152 6 3 1 522 1824
7645402 6 3 1 522 1824
7645737 6 3 1 522 1824
7646520 6 3 1 522 1824
7646542 6 3 1 522 1824
7646585 6 3 1 522 1824
8840079 6 3 6345 146 6380
8840080 6 3 6345 146 6380
8840081 6 3 6345 146 6380
8841562 6 3 6857 146 6892
8841573 6 3 6857 146 6892
8841813 6 3 6857 146 6892
8841816 6 3 6857 146 6892
8841960 6 3 6857 146 6892
10493082 7 2 1 2
10493091 7 2 1 2
10493092 7 2 1 2
10493114 7 2 1 2050
10493115 7 2 1 2050
10493131 7 2 1 2050
10493137 7 2 1 2058
10493156 7 2 1 2058
10493169 7 2 1 2058
10493170 7 2 1 2058
10493176 7 2 1 2058
10493220 7 2 1 40962
10493221 7 2 1 40962
10493237 7 2 1 40962
10493238 7 2 1 40962
10493262 7 2 1 40994
10493279 7 2 1 40994
10493293 7 2 1 40994
10493294 7 2 1 40994
10493299 7 2 1 40994
10493360 7 2 69 274
10493377 7 2 69 274
10493378 7 2 69 274
10493526 7 2 69 262210
10493531 7 2 69 262210
10493555 7 2 69 262210
10493560 7 2 69 262210
10493668 7 2 69 262178
10493669 7 2 69 262178
10493714 7 2 69 262178
10493750 7 2 69 262178
10493751 7 2 69 262178
10493754 7 2 69 262178
10494202 8 1 1
10494203 8 1 1
10494205 8 1 133
10494206 8 1 133
10494208 8 1 4202497
10494209 8 1 4202497
10494211 8 1 138420225
10494212 8 1 138420225
