1 10496 107520
1 98304 114688
2 65544 43008
3 2056 576
3 65792 6144
3 262144 1024
3 262146 4096
3 262160 6144
4 8 48
4 2056 480
4 4096 480
5 8 16
5 16 30
5 2048 80
5 2072 480
6 8 32
6 256 32
6 264 32
6 163873 256
6 167943 256
6 262209 256
6 294976 256
6 393217 256
6 430081 256
7 1 4
7 9 16
7 257 48
7 1544 72
7 8192 48
7 65536 4
7 131081 72
7 132616 36
8 8 64
8 264 128
8 4122 96
8 4355 384
8 34394 384
8 131072 96
8 131081 384
8 131096 192
8 131369 768
8 131456 384
8 131470 384
8 135194 96
8 165400 384
