7 3 7 1 2 41984
7 3 7 1 2 393216
7 3 7 1 2050 262176
7 3 7 1 2058 8224
7 3 7 1 2058 263168
7 3 7 1 2058 1048576
7 3 7 1 2058 1048640
7 3 7 1 32802 8192
7 3 7 1 32834 8288
7 3 7 1 40962 32
7 3 7 1 40962 8224
7 3 7 1 40962 16384
7 3 7 1 40994 64
7 3 7 1 1050626 1048584
7 3 7 65 262178 4
7 3 7 69 34 262144
7 3 7 69 274 32
7 3 7 69 274 1024
7 3 7 69 274 1056
7 3 7 69 262178 32768
7 3 7 69 262210 32
7 3 7 69 262210 1056
7 3 7 69 262210 16488
7 3 7 69 262210 137576
7 3 7 69 262210 524288
7 3 7 69 262210 524384
7 3 7 69 262210 525824
7 3 7 69 262210 525880
7 3 7 69 262210 540776
7 3 7 69 262210 661600
7 3 7 69 268290 6176
7 3 7 69 792578 530464
7 3 7 69 1179666 1179904
7 3 7 97 262178 36
7 3 7 1089 262178 1028
7 3 7 17481 262210 17420
7 3 7 524385 262178 524324
7 3 7 524385 262210 524324
7 3 7 525537 262210 525476
7 3 7 655553 274 655492
7 3 7 671833 274 671772
7 3 7 1048897 274 1048836
7 3 7 1572929 274 1572868
7 3 7 1720385 274 1720324
